[gd_scene load_steps=7 format=3 uid="uid://ldr04rf53t6x"]

[ext_resource type="ArrayMesh" uid="uid://d14jsfls631hw" path="res://Art/Character/Minis/Baseball/Resource/Baseball_Arms.tres" id="1_g81ki"]
[ext_resource type="ArrayMesh" uid="uid://cd05lbipu27bj" path="res://Art/Character/Minis/Baseball/Resource/Baseball_Body.tres" id="2_fc733"]
[ext_resource type="ArrayMesh" uid="uid://d386pcnwgr5m8" path="res://Art/Character/Minis/Baseball/Resource/Baseball_Eyes.tres" id="3_rdiug"]
[ext_resource type="ArrayMesh" uid="uid://ltpoqcwl0yk2" path="res://Art/Character/Minis/Baseball/Resource/Baseball_Hat.tres" id="4_5mgrk"]
[ext_resource type="ArrayMesh" uid="uid://bajruagyp1gll" path="res://Art/Character/Minis/Baseball/Resource/Baseball_Legs.tres" id="5_8mkgs"]

[sub_resource type="Skin" id="Skin_iwu8m"]
resource_name = "Skin"
bind_count = 37
bind/0/name = &"root"
bind/0/bone = -1
bind/0/pose = Transform3D(1, 0, 0, 0, 1, 0, 0, 0, 1, 0, 0, 0)
bind/1/name = &"Hips"
bind/1/bone = -1
bind/1/pose = Transform3D(1, 0, 0, 0, 1, 0, 0, 0, 1, -3.9443044e-33, -0.13499999, 1.1368684e-15)
bind/2/name = &"body"
bind/2/bone = -1
bind/2/pose = Transform3D(1, 0, 0, 0, 1, 0, 0, 0, 1, 4.992673e-16, -0.14999999, 1.1368684e-15)
bind/3/name = &"adj_head"
bind/3/bone = -1
bind/3/pose = Transform3D(1, 0, 0, 0, 1, 0, 0, 0, 1, 3.0075946e-16, -0.20131558, -1.1368684e-15)
bind/4/name = &"head"
bind/4/bone = -1
bind/4/pose = Transform3D(1, 0, 0, 0, 0.9999224, -0.01245043, 0, 0.01245043, 0.99992245, 3.007594e-16, -0.20129995, -0.0025064654)
bind/5/name = &"head_item"
bind/5/bone = -1
bind/5/pose = Transform3D(1, 0, 0, 0, 0.9999224, 0.012450431, 0, -0.012450431, 0.99992245, 3.007594e-16, -0.49829987, 0.002506465)
bind/6/name = &"Face"
bind/6/bone = -1
bind/6/pose = Transform3D(1, 0, 0, 0, 0.99992275, -0.012426595, 0, 0.012426595, 0.9999229, 3.007594e-16, -0.27629927, 0.02750012)
bind/7/name = &"adj_brow_R"
bind/7/bone = -1
bind/7/pose = Transform3D(1, 0, 0, 0, 0.9967324, -0.0807723, 0, 0.0807723, 0.9967326, 3.007594e-16, -0.27753305, 0.008542381)
bind/8/name = &"brow_main_r"
bind/8/bone = -1
bind/8/pose = Transform3D(1, 0, 0, 0, 0.9967324, -0.08077226, 0, 0.080772266, 0.9967326, 0.00075, -0.27828172, 0.009418586)
bind/9/name = &"brow_r"
bind/9/bone = -1
bind/9/pose = Transform3D(1, 0, 0, 0, 0.9967324, -0.080771685, 0, 0.080771685, 0.9967327, 0.038249996, -0.3532818, -0.20058122)
bind/10/name = &"brow_curl_r"
bind/10/bone = -1
bind/10/pose = Transform3D(1, 0, 0, 0, 0.9967325, -0.08077222, 0, 0.08077223, 0.9967326, 0.07125, -0.3532817, -0.2005814)
bind/11/name = &"adj_brow_L"
bind/11/bone = -1
bind/11/pose = Transform3D(1, 0, 0, 0, 0.9967324, -0.0807723, 0, 0.0807723, 0.9967326, 3.007594e-16, -0.27753305, 0.008542381)
bind/12/name = &"brow_main_l"
bind/12/bone = -1
bind/12/pose = Transform3D(1, 0, 0, 0, 0.9967324, -0.08077226, 0, 0.080772266, 0.9967326, -0.00075, -0.27828172, 0.009418586)
bind/13/name = &"brow_l"
bind/13/bone = -1
bind/13/pose = Transform3D(1, 0, 0, 0, 0.9967324, -0.080771685, 0, 0.080771685, 0.9967327, -0.038249996, -0.3532818, -0.20058122)
bind/14/name = &"brow_curl_l"
bind/14/bone = -1
bind/14/pose = Transform3D(1, 0, 0, 0, 0.9967325, -0.08077222, 0, 0.08077223, 0.9967326, -0.07125, -0.3532817, -0.2005814)
bind/15/name = &"adj_eye_R"
bind/15/bone = -1
bind/15/pose = Transform3D(1, 0, 0, 0, 0.9999224, -0.012451665, 0, 0.012451664, 0.9999224, 3.0075938e-16, -0.2763, 0.027493188)
bind/16/name = &"eyes_r"
bind/16/bone = -1
bind/16/pose = Transform3D(0.9396926, 0.019834463, 0.34144452, 0.059391186, 0.97368747, -0.2200124, -0.33682406, 0.22702281, 0.913789, 0.0057930946, -0.27543643, -0.034631625)
bind/17/name = &"eyeShape_r"
bind/17/bone = -1
bind/17/pose = Transform3D(0.9396926, 0.019834489, 0.34144455, 0.059391167, 0.97368747, -0.22001241, -0.33682406, 0.2270228, 0.913789, 0.00579308, -0.27543643, -0.26712686)
bind/18/name = &"adj_eye_L"
bind/18/bone = -1
bind/18/pose = Transform3D(1, 0, 0, 0, 0.9999224, -0.012451665, 0, 0.012451664, 0.9999224, 3.0075938e-16, -0.2763, 0.027493188)
bind/19/name = &"eyes_l"
bind/19/bone = -1
bind/19/pose = Transform3D(0.9396926, -0.019834463, -0.34144452, -0.059391186, 0.97368747, -0.2200124, 0.33682406, 0.22702281, 0.913789, -0.0057930946, -0.27543643, -0.034631625)
bind/20/name = &"eyeShape_l"
bind/20/bone = -1
bind/20/pose = Transform3D(0.9396926, -0.019834489, -0.34144455, -0.059391167, 0.97368747, -0.22001241, 0.33682406, 0.2270228, 0.913789, -0.00579308, -0.27543643, -0.26712686)
bind/21/name = &"adj_mouth"
bind/21/bone = -1
bind/21/pose = Transform3D(1, 0, 0, 0, 0.9999226, -0.012444203, 0, 0.012444203, 0.99992263, 3.0075946e-16, -0.27629983, 0.027495256)
bind/22/name = &"mouth_root"
bind/22/bone = -1
bind/22/pose = Transform3D(1, 0, 0, 0, 0.995164, -0.09822778, 0, 0.09822776, 0.995164, 3.007594e-16, -0.27764013, 0.0036772657)
bind/23/name = &"nose"
bind/23/bone = -1
bind/23/pose = Transform3D(1, 0, 0, 0, 0.9951636, -0.09823029, 0, 0.09823027, 0.9951637, 3.007594e-16, -0.27763948, -0.23632349)
bind/24/name = &"mouth"
bind/24/bone = -1
bind/24/pose = Transform3D(1, 0, 0, 0, 0.99516386, -0.098227605, 0, 0.0982276, 0.995164, 3.007594e-16, -0.26264012, -0.23514019)
bind/25/name = &"adj_clavicle"
bind/25/bone = -1
bind/25/pose = Transform3D(1, 0, 0, 0, 0.9999225, 0.012450432, 0, -0.012450432, 0.9999225, 3.007594e-16, -0.26997906, 0.0033616167)
bind/26/name = &"arm_l"
bind/26/bone = -1
bind/26/pose = Transform3D(0.96873546, -0.0528351, -0.2424045, 0.04446162, 0.99821424, -0.03988873, 0.24407923, 0.027863933, 0.96935487, -0.18129496, -0.28872335, -0.05750596)
bind/27/name = &"elbow_l"
bind/27/bone = -1
bind/27/pose = Transform3D(0.9999999, 1.3342559e-08, -1.9662384e-08, -3.733382e-09, 0.9999223, 0.012450425, 5.0800217e-08, -0.01245042, 0.99992245, -0.22914566, -0.16736923, -0.017950775)
bind/28/name = &"arm_r"
bind/28/bone = -1
bind/28/pose = Transform3D(0.96095806, 0.059885222, 0.27013585, -0.04861965, 0.9976533, -0.04820995, -0.27238902, 0.033193834, 0.9616144, 0.17773661, -0.28940585, -0.06473013)
bind/29/name = &"elbow_r"
bind/29/bone = -1
bind/29/pose = Transform3D(0.9999999, 1.7202762e-08, 2.0952282e-08, -1.0787962e-08, 0.9999224, 0.012450452, -4.8254538e-08, -0.012450449, 0.99992245, 0.22910488, -0.16736206, -0.01796409)
bind/30/name = &"adj_TailLocation"
bind/30/bone = -1
bind/30/pose = Transform3D(1, 0, 0, 0, 1, 0, 0, 0, 1, 0, -0.1435, 0.1015)
bind/31/name = &"tail_00"
bind/31/bone = -1
bind/31/pose = Transform3D(1, 0, 0, 0, 1, 0, 0, 0, 1, 0, -0.1435, 0.1015)
bind/32/name = &"tail_01"
bind/32/bone = -1
bind/32/pose = Transform3D(1, 0, 0, 0, 1, 0, 0, 0, 1, 0, -0.14349999, 0.2215)
bind/33/name = &"leg_l"
bind/33/bone = -1
bind/33/pose = Transform3D(1, 3.3985938e-08, 4.8458805e-06, -9.4293064e-08, 0.9999226, 0.0124455765, -4.845082e-06, -0.0124455765, 0.9999226, -0.08250009, -0.1423104, -0.01762783)
bind/34/name = &"knee_l"
bind/34/bone = -1
bind/34/pose = Transform3D(1, 3.3985845e-08, 4.8458805e-06, -9.4293036e-08, 0.9999226, 0.012445587, -4.8450825e-06, -0.012445587, 0.9999226, -0.08250009, -0.041178826, -0.018887058)
bind/35/name = &"leg_r"
bind/35/bone = -1
bind/35/pose = Transform3D(1, 0, 0, 0, 0.9999226, 0.012450423, 0, -0.012450423, 0.99992245, 0.08250001, -0.14231052, -0.017628226)
bind/36/name = &"knee_r"
bind/36/bone = -1
bind/36/pose = Transform3D(1, 0, 0, 0, 0.9999226, 0.012450421, 0, -0.012450421, 0.99992245, 0.08250001, -0.041178964, -0.018887455)

[node name="Baseball" type="Node3D"]

[node name="Armature" type="Node3D" parent="."]
transform = Transform3D(1, 0, 0, 0, 1, 7.5497894e-08, 0, -7.5497894e-08, 1, 0, 0, 0)

[node name="Skeleton3D" type="Skeleton3D" parent="Armature"]
bones/0/name = "root"
bones/0/parent = -1
bones/0/rest = Transform3D(1, 0, 0, 0, 1, 0, 0, 0, 1, 0, 0, 0)
bones/0/enabled = true
bones/0/position = Vector3(0, 0, 0)
bones/0/rotation = Quaternion(0, 0, 0, 1)
bones/0/scale = Vector3(1, 1, 1)
bones/1/name = "Hips"
bones/1/parent = 0
bones/1/rest = Transform3D(1, 0, 0, 0, 1, 0, 0, 0, 1, 3.9443044e-33, 0.13499999, -1.0042211e-15)
bones/1/enabled = true
bones/1/position = Vector3(3.9443044e-33, 0.135, 0)
bones/1/rotation = Quaternion(0, 0, 0, 1)
bones/1/scale = Vector3(1, 1, 1)
bones/2/name = "body"
bones/2/parent = 1
bones/2/rest = Transform3D(1, 0, 0, 0, 1, 0, 0, 0, 1, -4.992673e-16, 0.015, -2.842171e-16)
bones/2/enabled = true
bones/2/position = Vector3(-4.992673e-16, 0.015, -2.7311487e-17)
bones/2/rotation = Quaternion(0, 0, 0, 1)
bones/2/scale = Vector3(1, 1, 1)
bones/3/name = "adj_head"
bones/3/parent = 2
bones/3/rest = Transform3D(1, 0, 0, 0, 1, 0, 0, 0, 1, 1.9850786e-16, 0.051315583, 1.898044e-15)
bones/3/enabled = true
bones/3/position = Vector3(1.985079e-16, 0.051315576, 7.993606e-17)
bones/3/rotation = Quaternion(0, 0, 0, 1)
bones/3/scale = Vector3(1, 1, 1)
bones/4/name = "head"
bones/4/parent = 3
bones/4/rest = Transform3D(1, 0, 0, 0, 0.99992263, 0.012450431, 0, -0.012450432, 0.9999225, 3.3881317e-23, 0, 3.549874e-30)
bones/4/enabled = true
bones/4/position = Vector3(0, 0, 0)
bones/4/rotation = Quaternion(-0.0062253373, 0, 0, 0.9999806)
bones/4/scale = Vector3(1, 1, 1)
bones/5/name = "head_item"
bones/5/parent = 4
bones/5/rest = Transform3D(1, 0, 0, 0, 0.99969, -0.024898933, 0, 0.024898933, 0.99969, 4.9303807e-32, 0.29690784, 0.007394982)
bones/5/enabled = true
bones/5/position = Vector3(0, 0.29690787, 0.0073949825)
bones/5/rotation = Quaternion(0.012450432, 0, 0, 0.9999225)
bones/5/scale = Vector3(1, 0.99999994, 0.99999994)
bones/6/name = "head_item_end"
bones/6/parent = 5
bones/6/rest = Transform3D(1, 0, 0, 0, 1, 0, 0, 0, 1, 0, 0.14882065, 0)
bones/6/enabled = true
bones/6/position = Vector3(0, 0.14882065, 0)
bones/6/rotation = Quaternion(0, 0, 0, 1)
bones/6/scale = Vector3(1, 1, 1)
bones/7/name = "Face"
bones/7/parent = 4
bones/7/rest = Transform3D(1, 0, 0, 0, 1, -2.383776e-05, 0, 2.3837762e-05, 0.99999994, 4.9303807e-32, 0.07499997, -0.03)
bones/7/enabled = true
bones/7/position = Vector3(0, 0.07499997, -0.029999997)
bones/7/rotation = Quaternion(1.1919066e-05, 0, 0, 1)
bones/7/scale = Vector3(1, 1, 1)
bones/8/name = "adj_brow_R"
bones/8/parent = 7
bones/8/rest = Transform3D(1, 0, 0, 0, 0.9976593, 0.06838008, 0, -0.06838008, 0.9976593, 0, 5.718641e-08, 3.0950615e-09)
bones/8/enabled = true
bones/8/position = Vector3(0, 2.2761524e-08, 1.7881393e-09)
bones/8/rotation = Quaternion(-0.034210067, 0, 0, 0.9994147)
bones/8/scale = Vector3(1, 1, 0.99999994)
bones/9/name = "brow_main_r"
bones/9/parent = 8
bones/9/rest = Transform3D(1, 0, 0, 0, 1, -4.08443e-08, 0, 4.08443e-08, 1, -0.00075, 0.0007486869, -0.0008761942)
bones/9/enabled = true
bones/9/position = Vector3(-0.00075, 0.0007487267, -0.0008761942)
bones/9/rotation = Quaternion(1.8626451e-08, 0, 0, 1)
bones/9/scale = Vector3(1, 0.9999999, 1)
bones/10/name = "brow_r"
bones/10/parent = 9
bones/10/rest = Transform3D(1, 0, 0, 0, 1.0000001, -5.8034766e-07, 0, 5.803478e-07, 0.99999994, -0.037499998, 0.074999966, 0.21)
bones/10/enabled = true
bones/10/position = Vector3(-0.0375, 0.07499998, 0.21000002)
bones/10/rotation = Quaternion(2.8684735e-07, 0, 0, 1)
bones/10/scale = Vector3(1, 1, 1)
bones/11/name = "brow_curl_r"
bones/11/parent = 10
bones/11/rest = Transform3D(1, 0, 0, 0, 0.99999994, 5.4080937e-07, 0, -5.4080925e-07, 1.0000001, -0.033000004, 0, 0)
bones/11/enabled = true
bones/11/position = Vector3(-0.032999996, -1.7881394e-08, 2.6226044e-08)
bones/11/rotation = Quaternion(-2.682209e-07, 0, 0, 1)
bones/11/scale = Vector3(1, 1, 1)
bones/12/name = "brow_curl_r_end"
bones/12/parent = 11
bones/12/rest = Transform3D(1, 0, 0, 0, 1, 0, 0, 0, 1, 0, 0.032999977, 0)
bones/12/enabled = true
bones/12/position = Vector3(0, 0.032999977, 0)
bones/12/rotation = Quaternion(0, 0, 0, 1)
bones/12/scale = Vector3(1, 1, 1)
bones/13/name = "adj_brow_L"
bones/13/parent = 7
bones/13/rest = Transform3D(1, 0, 0, 0, 0.9976593, 0.06838008, 0, -0.06838008, 0.9976593, 0, 5.718641e-08, 3.0950615e-09)
bones/13/enabled = true
bones/13/position = Vector3(0, 2.2761524e-08, 1.7881393e-09)
bones/13/rotation = Quaternion(-0.034210067, 0, 0, 0.9994147)
bones/13/scale = Vector3(1, 1, 0.99999994)
bones/14/name = "brow_main_l"
bones/14/parent = 13
bones/14/rest = Transform3D(1, 0, 0, 0, 1, -4.08443e-08, 0, 4.08443e-08, 1, 0.00075, 0.0007486869, -0.0008761942)
bones/14/enabled = true
bones/14/position = Vector3(0.00075, 0.0007487267, -0.0008761942)
bones/14/rotation = Quaternion(1.8626451e-08, 0, 0, 1)
bones/14/scale = Vector3(1, 0.9999999, 1)
bones/15/name = "brow_l"
bones/15/parent = 14
bones/15/rest = Transform3D(1, 0, 0, 0, 1.0000001, -5.8034766e-07, 0, 5.803478e-07, 0.99999994, 0.037499998, 0.074999966, 0.21)
bones/15/enabled = true
bones/15/position = Vector3(0.0375, 0.07499998, 0.21000002)
bones/15/rotation = Quaternion(2.8684735e-07, 0, 0, 1)
bones/15/scale = Vector3(1, 1, 1)
bones/16/name = "brow_curl_l"
bones/16/parent = 15
bones/16/rest = Transform3D(1, 0, 0, 0, 0.99999994, 5.4080937e-07, 0, -5.4080925e-07, 1.0000001, 0.033000004, 0, 0)
bones/16/enabled = true
bones/16/position = Vector3(0.032999996, -1.7881394e-08, 2.6226044e-08)
bones/16/rotation = Quaternion(-2.682209e-07, 0, 0, 1)
bones/16/scale = Vector3(1, 1, 1)
bones/17/name = "brow_curl_l_end"
bones/17/parent = 16
bones/17/rest = Transform3D(1, 0, 0, 0, 1, 0, 0, 0, 1, 0, 0.032999977, 0)
bones/17/enabled = true
bones/17/position = Vector3(0, 0.032999977, 0)
bones/17/rotation = Quaternion(0, 0, 0, 1)
bones/17/scale = Vector3(1, 1, 1)
bones/18/name = "adj_eye_R"
bones/18/parent = 7
bones/18/rest = Transform3D(1, 0, 0, 0, 0.99999994, 2.5072508e-05, 0, -2.5072502e-05, 1.0000001, 0, 5.718641e-08, 3.0950615e-09)
bones/18/enabled = true
bones/18/position = Vector3(0, 2.2761524e-08, 1.7881393e-09)
bones/18/rotation = Quaternion(-1.2537e-05, 0, 0, 1)
bones/18/scale = Vector3(1, 0.99999994, 1)
bones/19/name = "eyes_r"
bones/19/parent = 18
bones/19/rest = Transform3D(0.9396926, 0.05939118, -0.33682406, 0.015581373, 0.97635144, 0.21562703, 0.34166503, -0.20787129, 0.9165449, -0.00075, -3.820339e-08, 4.2930055e-09)
bones/19/enabled = true
bones/19/position = Vector3(-0.00075, -2.8312206e-09, 1.1920929e-09)
bones/19/rotation = Quaternion(-0.10816221, -0.17328732, -0.011189105, 0.97885)
bones/19/scale = Vector3(0.99999994, 0.99999994, 0.99999994)
bones/20/name = "eyeShape_r"
bones/20/parent = 19
bones/20/rest = Transform3D(1, -1.9633374e-08, -1.6539689e-08, 1.9633374e-08, 1, -4.021916e-09, 1.6539689e-08, 4.021916e-09, 1, 2.5357854e-09, 1.3631951e-08, 0.23249523)
bones/20/enabled = true
bones/20/position = Vector3(-6.556511e-09, -1.0430813e-08, 0.23249523)
bones/20/rotation = Quaternion(2.3283064e-09, -8.4983185e-09, 1.1175871e-08, 1)
bones/20/scale = Vector3(1, 1, 1)
bones/21/name = "eyeShape_r_end"
bones/21/parent = 20
bones/21/rest = Transform3D(1, 0, 0, 0, 1, 0, 0, 0, 1, 0, 0.23249525, 0)
bones/21/enabled = true
bones/21/position = Vector3(0, 0.23249525, 0)
bones/21/rotation = Quaternion(0, 0, 0, 1)
bones/21/scale = Vector3(1, 1, 1)
bones/22/name = "adj_eye_L"
bones/22/parent = 7
bones/22/rest = Transform3D(1, 0, 0, 0, 0.99999994, 2.5072508e-05, 0, -2.5072502e-05, 1.0000001, 0, 5.718641e-08, 3.0950615e-09)
bones/22/enabled = true
bones/22/position = Vector3(0, 2.2761524e-08, 1.7881393e-09)
bones/22/rotation = Quaternion(-1.2537e-05, 0, 0, 1)
bones/22/scale = Vector3(1, 0.99999994, 1)
bones/23/name = "eyes_l"
bones/23/parent = 22
bones/23/rest = Transform3D(0.9396926, -0.05939118, 0.33682406, -0.015581373, 0.97635144, 0.21562703, -0.34166503, -0.20787129, 0.9165449, 0.00075, -3.820339e-08, 4.2930055e-09)
bones/23/enabled = true
bones/23/position = Vector3(0.00075, -2.8312206e-09, 1.1920929e-09)
bones/23/rotation = Quaternion(-0.10816221, 0.17328732, 0.011189105, 0.97885)
bones/23/scale = Vector3(0.99999994, 0.99999994, 0.99999994)
bones/24/name = "eyeShape_l"
bones/24/parent = 23
bones/24/rest = Transform3D(1, 1.9633374e-08, 1.6539689e-08, -1.9633374e-08, 1, -4.021916e-09, -1.6539689e-08, 4.021916e-09, 1, -2.5357854e-09, 1.3631951e-08, 0.23249523)
bones/24/enabled = true
bones/24/position = Vector3(6.556511e-09, -1.0430813e-08, 0.23249523)
bones/24/rotation = Quaternion(2.3283064e-09, 8.4983185e-09, -1.1175871e-08, 1)
bones/24/scale = Vector3(1, 1, 1)
bones/25/name = "eyeShape_l_end"
bones/25/parent = 24
bones/25/rest = Transform3D(1, 0, 0, 0, 1, 0, 0, 0, 1, 0, 0.23249525, 0)
bones/25/enabled = true
bones/25/position = Vector3(0, 0.23249525, 0)
bones/25/rotation = Quaternion(0, 0, 0, 1)
bones/25/scale = Vector3(1, 1, 1)
bones/26/name = "adj_mouth"
bones/26/parent = 7
bones/26/rest = Transform3D(1, 0, 0, 0, 0.99999994, 1.7608627e-05, 0, -1.7608625e-05, 1, 0, 5.718641e-08, 3.0950615e-09)
bones/26/enabled = true
bones/26/position = Vector3(0, 2.2761524e-08, 1.7881393e-09)
bones/26/rotation = Quaternion(-8.8047245e-06, 0, 0, 1)
bones/26/scale = Vector3(1, 0.99999994, 0.99999994)
bones/27/name = "mouth_root"
bones/27/parent = 26
bones/27/rest = Transform3D(1, 0, 0, 0, 0.9963093, 0.08583614, 0, -0.085836135, 0.9963094, 4.9303807e-32, -3.8173688e-08, 1.9092898e-09)
bones/27/enabled = true
bones/27/position = Vector3(0, -4.842877e-09, -8.9406965e-10)
bones/27/rotation = Quaternion(-0.042957727, 0, 0, 0.9990769)
bones/27/scale = Vector3(1, 1, 0.99999994)
bones/28/name = "nose"
bones/28/parent = 27
bones/28/rest = Transform3D(1, 0, 0, 0, 1.0000001, 2.534024e-06, 0, -2.5340241e-06, 1, -4.9303807e-32, -3.090786e-08, 0.24000004)
bones/28/enabled = true
bones/28/position = Vector3(0, -2.3841858e-08, 0.24000004)
bones/28/rotation = Quaternion(-1.264736e-06, 0, 0, 1)
bones/28/scale = Vector3(1, 0.9999999, 1)
bones/29/name = "mouth"
bones/29/parent = 28
bones/29/rest = Transform3D(1, 0, 0, 0, 1, -2.691877e-06, 0, 2.691877e-06, 1, 0, -0.014999959, -0.0011825971)
bones/29/enabled = true
bones/29/position = Vector3(0, -0.014999967, -0.0011825609)
bones/29/rotation = Quaternion(1.3485551e-06, 0, 0, 1)
bones/29/scale = Vector3(1, 1, 1)
bones/30/name = "mouth_end"
bones/30/parent = 29
bones/30/rest = Transform3D(1, 0, 0, 0, 1, 0, 0, 0, 1, 0, 0.01504654, 0)
bones/30/enabled = true
bones/30/position = Vector3(0, 0.01504654, 0)
bones/30/rotation = Quaternion(0, 0, 0, 1)
bones/30/scale = Vector3(1, 1, 1)
bones/31/name = "adj_clavicle"
bones/31/parent = 4
bones/31/rest = Transform3D(1, 0, 0, 0, 0.99968994, -0.024898933, 0, 0.024898931, 0.99969, 4.9303807e-32, 0.06867908, 0.00085515034)
bones/31/enabled = true
bones/31/position = Vector3(0, 0.056413308, 0.00070242427)
bones/31/rotation = Quaternion(0.012450432, 0, 0, 0.9999225)
bones/31/scale = Vector3(1, 0.9999999, 0.99999994)
bones/32/name = "arm_l"
bones/32/parent = 31
bones/32/rest = Transform3D(0.96873564, 0.044461627, 0.24407923, -0.05584906, 0.99764055, 0.039930664, -0.24172795, -0.05231385, 0.96893287, 0.2025, 0.010234189, 0.00015274015)
bones/32/enabled = true
bones/32/position = Vector3(0.2025, 0.02249996, 1.39884655e-08)
bones/32/rotation = Quaternion(-0.023249906, 0.122446, -0.025282955, 0.99188066)
bones/32/scale = Vector3(1, 1.0000001, 1)
bones/33/name = "elbow_l"
bones/33/parent = 32
bones/33/rest = Transform3D(0.9687355, -0.055849057, -0.24172789, 0.044461634, 0.99764043, -0.052313834, 0.2440792, 0.03993065, 0.96893287, 0.026999986, -0.11249993, 0.022499995)
bones/33/enabled = true
bones/33/position = Vector3(0.026999975, -0.112499945, 0.022499995)
bones/33/rotation = Quaternion(0.023249898, -0.12244598, 0.02528296, 0.99188066)
bones/33/scale = Vector3(1, 0.9999999, 1.0000002)
bones/34/name = "elbow_l_end"
bones/34/parent = 33
bones/34/rest = Transform3D(1, 0, 0, 0, 1, 0, 0, 0, 1, 0, 0.1178622, 0)
bones/34/enabled = true
bones/34/position = Vector3(0, 0.1178622, 0)
bones/34/rotation = Quaternion(0, 0, 0, 1)
bones/34/scale = Vector3(1, 1, 1)
bones/35/name = "arm_r"
bones/35/parent = 31
bones/35/rest = Transform3D(0.96095806, -0.04861964, -0.27238902, 0.06324388, 0.99697554, 0.04516378, 0.26936936, -0.060627427, 0.9611268, -0.2025, 0.010234189, 0.00015274015)
bones/35/enabled = true
bones/35/position = Vector3(-0.2025, 0.02249996, 1.4100224e-08)
bones/35/rotation = Quaternion(-0.026719516, -0.13683106, 0.02825319, 0.98983085)
bones/35/scale = Vector3(0.99999994, 0.99999994, 1.0000001)
bones/36/name = "elbow_r"
bones/36/parent = 35
bones/36/rest = Transform3D(0.9609582, 0.06324388, 0.2693693, -0.048619643, 0.9969758, -0.06062744, -0.272389, 0.045163803, 0.96112657, -0.027000012, -0.112500004, 0.022499997)
bones/36/enabled = true
bones/36/position = Vector3(-0.027000008, -0.11250001, 0.022499995)
bones/36/rotation = Quaternion(0.026719524, 0.13683103, -0.02825319, 0.98983085)
bones/36/scale = Vector3(1.0000001, 1.0000002, 1)
bones/37/name = "elbow_r_end"
bones/37/parent = 36
bones/37/rest = Transform3D(1, 0, 0, 0, 1, 0, 0, 0, 1, 0, 0.1178622, 0)
bones/37/enabled = true
bones/37/position = Vector3(0, 0.1178622, 0)
bones/37/rotation = Quaternion(0, 0, 0, 1)
bones/37/scale = Vector3(1, 1, 1)
bones/38/name = "adj_TailLocation"
bones/38/parent = 2
bones/38/rest = Transform3D(1, 0, 0, 0, 1, 0, 0, 0, 1, 4.992673e-16, -0.0064999983, -0.1015)
bones/38/enabled = true
bones/38/position = Vector3(4.992673e-16, -0.0064999964, -0.1015)
bones/38/rotation = Quaternion(0, 0, 0, 1)
bones/38/scale = Vector3(1, 1, 1)
bones/39/name = "tail_00"
bones/39/parent = 38
bones/39/rest = Transform3D(1, 0, 0, 0, 1, 0, 0, 0, 1, 0, 0, 0)
bones/39/enabled = true
bones/39/position = Vector3(0, 0, 0)
bones/39/rotation = Quaternion(0, 0, 0, 1)
bones/39/scale = Vector3(1, 1, 1)
bones/40/name = "tail_01"
bones/40/parent = 39
bones/40/rest = Transform3D(1, 0, 0, 0, 1, 0, 0, 0, 1, 0, -1.0013738e-08, -0.12000001)
bones/40/enabled = true
bones/40/position = Vector3(0, 0, -0.12)
bones/40/rotation = Quaternion(0, 0, 0, 1)
bones/40/scale = Vector3(1, 1, 1)
bones/41/name = "tail_01_end"
bones/41/parent = 40
bones/41/rest = Transform3D(1, 0, 0, 0, 1, 0, 0, 0, 1, 0, 0.12, 0)
bones/41/enabled = true
bones/41/position = Vector3(0, 0.12, 0)
bones/41/rotation = Quaternion(0, 0, 0, 1)
bones/41/scale = Vector3(1, 1, 1)
bones/42/name = "leg_l"
bones/42/parent = 1
bones/42/rest = Transform3D(1, -9.429307e-08, -4.845082e-06, 3.3985927e-08, 0.9999226, -0.0124455765, 4.8458805e-06, 0.0124455765, 0.9999226, 0.0825, 0.0070800004, 0.019397998)
bones/42/enabled = true
bones/42/position = Vector3(0.0825, 0.0070800018, 0.019398)
bones/42/rotation = Quaternion(0.0062229102, -2.4227882e-06, 3.207037e-08, 0.9999806)
bones/42/scale = Vector3(1, 1, 1)
bones/43/name = "knee_l"
bones/43/parent = 42
bones/43/rest = Transform3D(1, 8.593769e-14, -2.2806073e-13, -8.593769e-14, 1, -1.0243754e-08, 2.2806073e-13, 1.0243754e-08, 1, -3.4349392e-09, -0.101131566, 0.0012592288)
bones/43/enabled = true
bones/43/position = Vector3(2.6744117e-11, -0.101131566, 0.0012592286)
bones/43/rotation = Quaternion(5.122274e-09, -1.140546e-13, -4.1744386e-14, 1)
bones/43/scale = Vector3(1, 1, 1)
bones/44/name = "knee_l_end"
bones/44/parent = 43
bones/44/rest = Transform3D(1, 0, 0, 0, 1, 0, 0, 0, 1, 0, 0.101139404, 0)
bones/44/enabled = true
bones/44/position = Vector3(0, 0.101139404, 0)
bones/44/rotation = Quaternion(0, 0, 0, 1)
bones/44/scale = Vector3(1, 1, 1)
bones/45/name = "leg_r"
bones/45/parent = 1
bones/45/rest = Transform3D(1, 0, 0, 0, 0.9999224, -0.012450423, 0, 0.012450421, 0.9999225, -0.0825, 0.0070800004, 0.019398687)
bones/45/enabled = true
bones/45/position = Vector3(-0.0825, 0.0070800018, 0.019398687)
bones/45/rotation = Quaternion(0.0062253335, 0, 0, 0.9999806)
bones/45/scale = Vector3(1, 0.99999994, 1)
bones/46/name = "knee_r"
bones/46/parent = 45
bones/46/rest = Transform3D(1, 0, 0, 0, 1, 1.8625008e-09, 0, -1.8625008e-09, 1, 1.3877788e-17, -0.10113155, 0.0012592276)
bones/46/enabled = true
bones/46/position = Vector3(0, -0.10113155, 0.0012592283)
bones/46/rotation = Quaternion(-6.984919e-10, 0, 0, 1)
bones/46/scale = Vector3(1, 1.0000001, 1)
bones/47/name = "knee_r_end"
bones/47/parent = 46
bones/47/rest = Transform3D(1, 0, 0, 0, 1, 0, 0, 0, 1, 0, 0.1011394, 0)
bones/47/enabled = true
bones/47/position = Vector3(0, 0.1011394, 0)
bones/47/rotation = Quaternion(0, 0, 0, 1)
bones/47/scale = Vector3(1, 1, 1)

[node name="SKM_Minis_Baseball" type="Node3D" parent="Armature/Skeleton3D"]

[node name="bball_arms" type="MeshInstance3D" parent="Armature/Skeleton3D/SKM_Minis_Baseball"]
mesh = ExtResource("1_g81ki")
skin = SubResource("Skin_iwu8m")
skeleton = NodePath("../..")

[node name="bball_body" type="MeshInstance3D" parent="Armature/Skeleton3D/SKM_Minis_Baseball"]
mesh = ExtResource("2_fc733")
skin = SubResource("Skin_iwu8m")
skeleton = NodePath("../..")

[node name="bball_eyes" type="MeshInstance3D" parent="Armature/Skeleton3D/SKM_Minis_Baseball"]
mesh = ExtResource("3_rdiug")
skin = SubResource("Skin_iwu8m")
skeleton = NodePath("../..")

[node name="bball_hat" type="MeshInstance3D" parent="Armature/Skeleton3D/SKM_Minis_Baseball"]
mesh = ExtResource("4_5mgrk")
skin = SubResource("Skin_iwu8m")
skeleton = NodePath("../..")

[node name="bball_legs" type="MeshInstance3D" parent="Armature/Skeleton3D/SKM_Minis_Baseball"]
mesh = ExtResource("5_8mkgs")
skin = SubResource("Skin_iwu8m")
skeleton = NodePath("../..")
